1.0	0.535720802919708
2.0	0.2296190693430657
3.0	0.08773950729927008
4.0	0.04386405109489051
5.0	0.02583257299270073
6.0	0.016480383211678832
7.0	0.010390054744525548
8.0	0.008154653284671532
9.0	0.0051551094890510945
10.0	0.004026003649635036
11.0	0.003512773722627737
12.0	0.0025775547445255472
13.0	0.002303832116788321
14.0	0.0018590328467153285
15.0	0.0013800182481751824
16.0	0.0011405109489051094
17.0	0.0010948905109489052
18.0	0.0009808394160583942
19.0	0.0007755474452554744
20.0	0.0005588503649635036
21.0	0.0007527372262773722
22.0	0.0005474452554744526
23.0	0.0005474452554744526
24.0	0.0003991788321167883
25.0	0.000364963503649635
26.0	0.0005588503649635036
27.0	0.0002737226277372263
28.0	0.00035355839416058397
29.0	0.00021669708029197081
30.0	0.00028512773722627735
31.0	0.00021669708029197081
32.0	0.0002737226277372263
33.0	0.0001938868613138686
34.0	0.0002052919708029197
35.0	0.00014826642335766423
36.0	0.00012545620437956205
37.0	0.00014826642335766423
38.0	0.00010264598540145986
39.0	7.983576642335766e-05
40.0	0.00017107664233576643
41.0	0.00014826642335766423
42.0	6.843065693430658e-05
43.0	0.00011405109489051095
44.0	9.124087591240875e-05
45.0	0.00010264598540145986
46.0	7.983576642335766e-05
47.0	6.843065693430658e-05
48.0	3.421532846715329e-05
49.0	2.281021897810219e-05
50.0	9.124087591240875e-05
51.0	4.562043795620438e-05
52.0	7.983576642335766e-05
53.0	9.124087591240875e-05
54.0	5.702554744525547e-05
55.0	5.702554744525547e-05
56.0	4.562043795620438e-05
57.0	1.1405109489051094e-05
58.0	3.421532846715329e-05
59.0	5.702554744525547e-05
60.0	4.562043795620438e-05
61.0	2.281021897810219e-05
63.0	5.702554744525547e-05
64.0	4.562043795620438e-05
65.0	2.281021897810219e-05
67.0	2.281021897810219e-05
68.0	3.421532846715329e-05
70.0	5.702554744525547e-05
71.0	1.1405109489051094e-05
72.0	5.702554744525547e-05
74.0	3.421532846715329e-05
75.0	2.281021897810219e-05
76.0	1.1405109489051094e-05
77.0	2.281021897810219e-05
78.0	2.281021897810219e-05
80.0	3.421532846715329e-05
81.0	3.421532846715329e-05
82.0	2.281021897810219e-05
83.0	2.281021897810219e-05
84.0	1.1405109489051094e-05
86.0	2.281021897810219e-05
87.0	2.281021897810219e-05
88.0	1.1405109489051094e-05
89.0	1.1405109489051094e-05
90.0	1.1405109489051094e-05
91.0	2.281021897810219e-05
92.0	3.421532846715329e-05
93.0	1.1405109489051094e-05
95.0	1.1405109489051094e-05
96.0	1.1405109489051094e-05
97.0	2.281021897810219e-05
98.0	2.281021897810219e-05
99.0	1.1405109489051094e-05
100.0	2.281021897810219e-05
101.0	1.1405109489051094e-05
102.0	1.1405109489051094e-05
103.0	1.1405109489051094e-05
104.0	2.281021897810219e-05
105.0	3.421532846715329e-05
107.0	1.1405109489051094e-05
112.0	1.1405109489051094e-05
116.0	1.1405109489051094e-05
119.0	1.1405109489051094e-05
121.0	1.1405109489051094e-05
124.0	2.281021897810219e-05
128.0	1.1405109489051094e-05
135.0	2.281021897810219e-05
136.0	2.281021897810219e-05
152.0	1.1405109489051094e-05
153.0	1.1405109489051094e-05
157.0	1.1405109489051094e-05
161.0	2.281021897810219e-05
176.0	1.1405109489051094e-05
181.0	1.1405109489051094e-05
190.0	1.1405109489051094e-05
208.0	1.1405109489051094e-05
258.0	1.1405109489051094e-05
1395.0	1.1405109489051094e-05
1471.0	1.1405109489051094e-05
1476.0	1.1405109489051094e-05
1495.0	1.1405109489051094e-05
1516.0	1.1405109489051094e-05
1517.0	1.1405109489051094e-05
1520.0	1.1405109489051094e-05
1534.0	1.1405109489051094e-05
1535.0	2.281021897810219e-05
1538.0	1.1405109489051094e-05
1553.0	1.1405109489051094e-05
1570.0	1.1405109489051094e-05
1574.0	1.1405109489051094e-05
1577.0	2.281021897810219e-05
1580.0	1.1405109489051094e-05
1581.0	2.281021897810219e-05
1583.0	1.1405109489051094e-05
1586.0	1.1405109489051094e-05
1589.0	1.1405109489051094e-05
1597.0	1.1405109489051094e-05
1602.0	1.1405109489051094e-05
1603.0	1.1405109489051094e-05
1606.0	1.1405109489051094e-05
1609.0	1.1405109489051094e-05
1611.0	1.1405109489051094e-05
1613.0	1.1405109489051094e-05
1615.0	3.421532846715329e-05
1617.0	1.1405109489051094e-05
1618.0	1.1405109489051094e-05
1619.0	2.281021897810219e-05
1620.0	1.1405109489051094e-05
1621.0	1.1405109489051094e-05
1625.0	1.1405109489051094e-05
1626.0	1.1405109489051094e-05
1627.0	1.1405109489051094e-05
1628.0	2.281021897810219e-05
1630.0	1.1405109489051094e-05
1632.0	1.1405109489051094e-05
1635.0	1.1405109489051094e-05
1636.0	1.1405109489051094e-05
1637.0	1.1405109489051094e-05
1638.0	1.1405109489051094e-05
1640.0	2.281021897810219e-05
1644.0	2.281021897810219e-05
1645.0	2.281021897810219e-05
1646.0	1.1405109489051094e-05
1648.0	3.421532846715329e-05
1649.0	1.1405109489051094e-05
1650.0	1.1405109489051094e-05
1651.0	4.562043795620438e-05
1652.0	2.281021897810219e-05
1653.0	2.281021897810219e-05
1656.0	1.1405109489051094e-05
1658.0	6.843065693430658e-05
1659.0	1.1405109489051094e-05
1660.0	3.421532846715329e-05
1661.0	3.421532846715329e-05
1662.0	1.1405109489051094e-05
1664.0	1.1405109489051094e-05
1665.0	7.983576642335766e-05
1666.0	1.1405109489051094e-05
1667.0	2.281021897810219e-05
1668.0	1.1405109489051094e-05
1669.0	3.421532846715329e-05
1670.0	1.1405109489051094e-05
1671.0	3.421532846715329e-05
1672.0	1.1405109489051094e-05
1673.0	1.1405109489051094e-05
1675.0	3.421532846715329e-05
1676.0	1.1405109489051094e-05
1677.0	1.1405109489051094e-05
1679.0	1.1405109489051094e-05
1680.0	1.1405109489051094e-05
1681.0	2.281021897810219e-05
1682.0	3.421532846715329e-05
1683.0	2.281021897810219e-05
1684.0	1.1405109489051094e-05
1686.0	1.1405109489051094e-05
1687.0	3.421532846715329e-05
1689.0	1.1405109489051094e-05
1690.0	1.1405109489051094e-05
1691.0	3.421532846715329e-05
1693.0	3.421532846715329e-05
1694.0	1.1405109489051094e-05
1695.0	2.281021897810219e-05
1696.0	4.562043795620438e-05
1697.0	3.421532846715329e-05
1698.0	1.1405109489051094e-05
1700.0	3.421532846715329e-05
1701.0	2.281021897810219e-05
1703.0	2.281021897810219e-05
1704.0	2.281021897810219e-05
1705.0	1.1405109489051094e-05
1706.0	3.421532846715329e-05
1707.0	7.983576642335766e-05
1708.0	3.421532846715329e-05
1709.0	2.281021897810219e-05
1710.0	1.1405109489051094e-05
1711.0	2.281021897810219e-05
1712.0	4.562043795620438e-05
1713.0	2.281021897810219e-05
1714.0	2.281021897810219e-05
1715.0	2.281021897810219e-05
1716.0	3.421532846715329e-05
1717.0	3.421532846715329e-05
1718.0	3.421532846715329e-05
1719.0	3.421532846715329e-05
1720.0	1.1405109489051094e-05
1721.0	9.124087591240875e-05
1722.0	1.1405109489051094e-05
1723.0	3.421532846715329e-05
1724.0	7.983576642335766e-05
1725.0	2.281021897810219e-05
1726.0	4.562043795620438e-05
1727.0	5.702554744525547e-05
1728.0	1.1405109489051094e-05
1729.0	3.421532846715329e-05
1730.0	2.281021897810219e-05
1731.0	4.562043795620438e-05
1732.0	3.421532846715329e-05
1733.0	2.281021897810219e-05
1734.0	1.1405109489051094e-05
1735.0	4.562043795620438e-05
1736.0	4.562043795620438e-05
1737.0	4.562043795620438e-05
1738.0	2.281021897810219e-05
1739.0	3.421532846715329e-05
1740.0	1.1405109489051094e-05
1741.0	2.281021897810219e-05
1743.0	2.281021897810219e-05
1744.0	5.702554744525547e-05
1745.0	7.983576642335766e-05
1746.0	2.281021897810219e-05
1747.0	6.843065693430658e-05
1748.0	2.281021897810219e-05
1749.0	3.421532846715329e-05
1750.0	3.421532846715329e-05
1751.0	2.281021897810219e-05
1752.0	4.562043795620438e-05
1753.0	3.421532846715329e-05
1754.0	3.421532846715329e-05
1755.0	7.983576642335766e-05
1756.0	4.562043795620438e-05
1757.0	1.1405109489051094e-05
1758.0	4.562043795620438e-05
1759.0	6.843065693430658e-05
1760.0	3.421532846715329e-05
1761.0	5.702554744525547e-05
1762.0	3.421532846715329e-05
1763.0	7.983576642335766e-05
1764.0	9.124087591240875e-05
1765.0	6.843065693430658e-05
1766.0	6.843065693430658e-05
1767.0	9.124087591240875e-05
1768.0	5.702554744525547e-05
1769.0	4.562043795620438e-05
1770.0	4.562043795620438e-05
1771.0	6.843065693430658e-05
1772.0	4.562043795620438e-05
1773.0	1.1405109489051094e-05
1774.0	3.421532846715329e-05
1775.0	6.843065693430658e-05
1776.0	9.124087591240875e-05
1777.0	4.562043795620438e-05
1778.0	6.843065693430658e-05
1779.0	2.281021897810219e-05
1780.0	3.421532846715329e-05
1781.0	1.1405109489051094e-05
1782.0	6.843065693430658e-05
1783.0	6.843065693430658e-05
1784.0	7.983576642335766e-05
1785.0	4.562043795620438e-05
1786.0	6.843065693430658e-05
1787.0	3.421532846715329e-05
1788.0	6.843065693430658e-05
1789.0	5.702554744525547e-05
1790.0	3.421532846715329e-05
1791.0	3.421532846715329e-05
1792.0	3.421532846715329e-05
1793.0	4.562043795620438e-05
1794.0	7.983576642335766e-05
1795.0	6.843065693430658e-05
1796.0	7.983576642335766e-05
1797.0	5.702554744525547e-05
1798.0	4.562043795620438e-05
1799.0	0.00012545620437956205
1800.0	5.702554744525547e-05
1801.0	6.843065693430658e-05
1802.0	5.702554744525547e-05
1803.0	4.562043795620438e-05
1804.0	7.983576642335766e-05
1805.0	5.702554744525547e-05
1806.0	7.983576642335766e-05
1807.0	7.983576642335766e-05
1808.0	3.421532846715329e-05
1809.0	9.124087591240875e-05
1810.0	5.702554744525547e-05
1811.0	1.1405109489051094e-05
1812.0	3.421532846715329e-05
1813.0	4.562043795620438e-05
1814.0	5.702554744525547e-05
1815.0	3.421532846715329e-05
1816.0	3.421532846715329e-05
1817.0	5.702554744525547e-05
1818.0	5.702554744525547e-05
1819.0	3.421532846715329e-05
1820.0	1.1405109489051094e-05
1821.0	3.421532846715329e-05
1822.0	4.562043795620438e-05
1823.0	0.00010264598540145986
1825.0	2.281021897810219e-05
1826.0	4.562043795620438e-05
1827.0	3.421532846715329e-05
1828.0	4.562043795620438e-05
1829.0	2.281021897810219e-05
1830.0	1.1405109489051094e-05
1831.0	2.281021897810219e-05
1832.0	3.421532846715329e-05
1833.0	2.281021897810219e-05
1834.0	4.562043795620438e-05
1835.0	3.421532846715329e-05
1836.0	6.843065693430658e-05
1837.0	1.1405109489051094e-05
1838.0	2.281021897810219e-05
1839.0	3.421532846715329e-05
1840.0	2.281021897810219e-05
1841.0	4.562043795620438e-05
1842.0	2.281021897810219e-05
1843.0	3.421532846715329e-05
1844.0	1.1405109489051094e-05
1845.0	2.281021897810219e-05
1846.0	3.421532846715329e-05
1847.0	1.1405109489051094e-05
1848.0	3.421532846715329e-05
1849.0	3.421532846715329e-05
1850.0	1.1405109489051094e-05
1851.0	3.421532846715329e-05
1852.0	1.1405109489051094e-05
1854.0	2.281021897810219e-05
1855.0	2.281021897810219e-05
1856.0	3.421532846715329e-05
1857.0	3.421532846715329e-05
1859.0	1.1405109489051094e-05
1860.0	1.1405109489051094e-05
1861.0	2.281021897810219e-05
1864.0	1.1405109489051094e-05
1865.0	1.1405109489051094e-05
1867.0	1.1405109489051094e-05
1869.0	1.1405109489051094e-05
1871.0	1.1405109489051094e-05
1875.0	1.1405109489051094e-05
1878.0	1.1405109489051094e-05
1880.0	1.1405109489051094e-05
1883.0	1.1405109489051094e-05
1884.0	1.1405109489051094e-05
1894.0	1.1405109489051094e-05
1899.0	1.1405109489051094e-05
1901.0	1.1405109489051094e-05
1905.0	1.1405109489051094e-05
